structure(list(FOV = 30, ignoreExtent = FALSE, listeners = 251L, 
    mouseMode = structure(c("trackball", "zoom", "fov", "pull"
    ), .Names = c("left", "right", "middle", "wheel")), skipRedraw = FALSE, 
    userMatrix = structure(c(-0.903632819652557, -0.0345300510525703, 
    0.426913738250732, 0, -0.0224131811410189, -0.991566956043243, 
    -0.127641558647156, 0, 0.42772114276886, -0.124909773468971, 
    0.895238518714905, 0, 0, 0, 0, 1), .Dim = c(4L, 4L)), scale = c(0.900163173675537, 
    1.00449502468109, 1.13606333732605), viewport = structure(c(0L, 
    0L, 496L, 402L), .Names = c("x", "y", "width", "height")), 
    zoom = 1, windowRect = c(594L, 305L, 1090L, 707L), family = "bitmap", 
    font = 1L, cex = 1, useFreeType = FALSE), .Names = c("FOV", 
"ignoreExtent", "listeners", "mouseMode", "skipRedraw", "userMatrix", 
"scale", "viewport", "zoom", "windowRect", "family", "font", 
"cex", "useFreeType"))
